5021290047129
5021290064539
711719193920
4961012936052
4961012916016
4961012987030
4961012987115
4961012987047
4961012977161
711719358121
662248927190
5021290080560
5021290067271
662248913025
5021290049178
5021290049185
5021290049192
5021290049208
5021290040151
5060121820487
5035223037019
711719359425
711719468226
5021290057883
5021290098541
5021290084551
5021290098404
5021290090804
5021290095045
5060112822771
5021290064621
5021290065376
5021290074132
5021290042667
662248914183
5021290049406
5021290042568
5021290064560
5021290067769
5021290073340
4988601850612
